0 2.3482078169795724 2.2371074478310273 0.18072061875117904 0.18229166666666666
1 2.0311873558247915 1.9036376382931168 0.2765515940388606 0.3072916666666667
2 1.7796693035140443 1.7561418155589736 0.30022637238256933 0.3385416666666667
3 1.665338561283592 1.688214307089886 0.34087907941897755 0.4114583333333333
4 1.5711956146750168 1.5452950654259647 0.37436332767402375 0.453125
5 1.473848227057175 1.5054547036268624 0.3916242218449349 0.4791666666666667
6 1.3823909148152507 1.4133233212562928 0.4219015280135823 0.5104166666666666
7 1.3089143860615924 1.3485106582562607 0.4485002829654782 0.53125
8 1.2500746038701662 1.3052875277507736 0.4652895680060366 0.5833333333333334
9 1.1878413733449265 1.3156564810189857 0.47217506130918696 0.6041666666666666
10 1.1368031069674651 1.2497263904436524 0.5038671948688926 0.6458333333333334
11 1.0850436412430056 1.184934445937355 0.5225429164308621 0.6822916666666666
12 1.0343586394137159 1.2066872298986797 0.533955857385399 0.6927083333333334
13 0.9840650748471061 1.1548404395580292 0.5332956046029051 0.671875
14 0.9430896241438113 1.2075568709567368 0.5528202225995096 0.7083333333333334
15 0.9007292500958038 1.12220070203654 0.566213921901528 0.7239583333333334
16 0.8620271575481542 1.1583181531673454 0.5660252782493869 0.7291666666666666
17 0.8241109335483806 1.105427513819143 0.5835691378985097 0.734375
18 0.7866032007880567 1.2675938419548862 0.5496132805131108 0.703125
19 0.7529938832346762 1.1116156082106643 0.5763063572910772 0.7239583333333334
20 0.7154863410866352 1.1375112422708287 0.6008300320694209 0.734375
21 0.6887541240928718 1.1807064871831112 0.6019618939822675 0.7604166666666666
22 0.6462946684700664 1.2203949462757053 0.5962082625919638 0.7447916666666666
23 0.6133022481111144 1.0663014821349137 0.624410488587059 0.78125
24 0.5819194630975895 1.1987806952906301 0.6196000754574609 0.7760416666666666
25 0.5493446081340466 1.1953955754996783 0.6274287870213168 0.765625
26 0.5204453582475608 1.1409381712192153 0.6421429918883229 0.8020833333333334
27 0.49006152424990057 1.1649902728666741 0.6477079796264855 0.8072916666666666
28 0.45633343348619565 1.2132491462201958 0.6456328994529335 0.8125
29 0.43295337740513845 1.157440494925502 0.6618562535370685 0.828125
30 0.40370028837557626 1.2790908849382976 0.6635540464063384 0.828125
31 0.377782165314667 1.379267459757716 0.6559139784946236 0.828125
32 0.3528937701432748 1.2601018492356841 0.6744953782305225 0.8385416666666666
33 0.33228123421687394 1.3297472650925797 0.6710054706659121 0.8385416666666666
34 0.31445018830290183 1.3595632739275334 0.6766647802301452 0.8385416666666666
35 0.29226437816276646 1.3090107814824006 0.6727032635351821 0.84375
36 0.2735764001589508 1.2782602591148342 0.692322203357857 0.8645833333333334
37 0.25939986276366106 1.329763607986002 0.6964723637049614 0.8958333333333334
38 0.23988327909749393 1.4009944213980652 0.6947745708356914 0.8697916666666666
39 0.2240204660743858 1.4593841634264373 0.6966610073571025 0.8697916666666666
40 0.2133628833646333 1.4517467065927494 0.6979815129220902 0.859375
41 0.20091815009368416 1.5913293181682926 0.6785512167515563 0.8645833333333334
42 0.1899095513213876 1.6102577345445752 0.6919449160535748 0.859375
43 0.17783268469273278 1.5343839766749416 0.6965666855310318 0.859375
44 0.16615058809212363 1.575138525538012 0.6965666855310318 0.8645833333333334
45 0.15737336818464004 1.5547018030501274 0.7051499717034522 0.875
46 0.14857883178952191 1.587217910013285 0.7109979249198265 0.8854166666666666
47 0.14369411876899188 1.5754657536745071 0.7059988681380871 0.8489583333333334
48 0.1390279762801214 1.6256309704608227 0.7098660630069799 0.8854166666666666
49 0.13085181695579104 1.751630657812558 0.693171099792492 0.8697916666666666
50 0.12384177857392245 1.666499941284398 0.7073193737030748 0.9010416666666666
51 0.12101308085206312 1.632941636963781 0.7164685908319185 0.9010416666666666
52 0.1172849212900034 1.6424842156828887 0.7107149594416148 0.9114583333333334
53 0.11580525641987977 1.6850136753665395 0.7090171665723448 0.9010416666666666
54 0.10649656976757518 1.6820862106081234 0.7234484059611395 0.8958333333333334
55 0.10408029572410954 1.679859769182751 0.7170345217883418 0.8854166666666666
56 0.10065761568015177 1.8686851444373649 0.711092246745897 0.890625
57 0.09344311192114586 1.80812745375267 0.7142048670062252 0.8802083333333334
58 0.09150849160400715 1.7520918394607234 0.7296736464817959 0.90625
59 0.08982029139689124 1.8527485360272218 0.7118468213544614 0.90625
60 0.08918253416889814 1.8950876426624965 0.7139219015280136 0.9114583333333334
61 0.08492052503969223 1.784249203840652 0.7273156008300321 0.8958333333333334
62 0.08469543697439363 1.8244050952594681 0.7205244293529522 0.875
63 0.07937219700414525 1.843271402226963 0.7246745897000566 0.8854166666666666
64 0.07899010876208007 1.897406087851668 0.7320316921335597 0.9010416666666666
65 0.07889751575295849 1.80096343998988 0.728824750047161 0.9166666666666666
66 0.07296355897716335 1.9380810517391347 0.7260894170911149 0.9010416666666666
67 0.07557526214651591 1.8921818730746767 0.7187323146576118 0.890625
68 0.07166645198923974 1.90858186462737 0.7186379928315412 0.8958333333333334
69 0.06538832769100734 1.9246703293342817 0.7238256932654216 0.8958333333333334
