0 2.3509183298746743 2.2874832481145857 0.16010961049128988 0.171875
1 2.035781373500824 1.8965245231986045 0.2795067527891955 0.3385416666666667
2 1.8053821136156718 1.744231677055359 0.31757682521041297 0.375
3 1.6458508968353271 1.6435173407197 0.34047758856919164 0.40625
4 1.5467961160341899 1.575007216632366 0.3567234292425132 0.421875
5 1.446641767501831 1.4667930949479342 0.40369935408103347 0.5
6 1.353589515209198 1.3522711539641024 0.44196515952241144 0.5364583333333334
7 1.274839656352997 1.3680813893675805 0.44274809160305345 0.5208333333333334
8 1.203015934944153 1.2710348777472973 0.47005284791544333 0.5677083333333334
9 1.1401527001857759 1.2859208434820175 0.4867880211391662 0.6145833333333334
10 1.0871794321537018 1.2358905682340264 0.504697592483852 0.6510416666666666
11 1.034278859059016 1.1987163070589304 0.5205519671168526 0.609375
12 0.9871314549446106 1.1264539397787303 0.553532981013897 0.6770833333333334
13 0.943199499686559 1.1087445308454336 0.5631238990017616 0.75
14 0.8980822065671284 1.0446258440613747 0.5751614797416325 0.71875
15 0.8561137890815735 1.0835239351727068 0.582795067527892 0.7083333333333334
16 0.8201870739459991 1.0955823678523302 0.5817185359170092 0.703125
17 0.7836598513126374 1.1184640896506608 0.5959091798786456 0.7604166666666666
18 0.7465231610139211 1.0329080170020462 0.6121550205519671 0.734375
19 0.707654925584793 1.0582665499299764 0.6193971422979057 0.7708333333333334
20 0.6712194395065307 0.9881623159279116 0.6454296339792523 0.7864583333333334
21 0.6351249938408534 1.1045094287022947 0.6333920532393815 0.78125
22 0.6012267992099126 1.0880870694760234 0.635936582501468 0.78125
23 0.5647953816652298 1.1411252487945602 0.6419064396163633 0.7760416666666666
24 0.5335864430268605 1.1053485201788136 0.6527696222352711 0.7708333333333334
25 0.5041791299978892 1.1347870530036743 0.6470933646506165 0.7916666666666666
26 0.47399949916203815 1.1897633886284893 0.6573693482090429 0.8125
27 0.4407230165600777 1.143729040864855 0.6604032100215307 0.8020833333333334
28 0.4167339484492938 1.248603482544422 0.6550205519671168 0.8072916666666666
29 0.38680731201171875 1.1761420252267272 0.678117048346056 0.8229166666666666
30 0.3612243912220001 1.1591372444294392 0.6822274417694265 0.8177083333333334
31 0.337648863196373 1.2643495685028028 0.6759639851242905 0.8125
32 0.3162410482764244 1.2903202149900608 0.673810921902525 0.796875
33 0.2969989238381386 1.2653998688212595 0.6907418281464083 0.8020833333333334
34 0.270772282153368 1.2643235600240588 0.6923076923076923 0.8489583333333334
35 0.2520975460310777 1.3133815596811473 0.680465844587982 0.8333333333333334
36 0.23595223831137022 1.3294908565772858 0.7023879428459581 0.8489583333333334
37 0.22239030833045642 1.4093548659831867 0.6987668819729889 0.8385416666666666
38 0.20434311389923096 1.385898721218109 0.6961244862008221 0.8645833333333334
39 0.19481607828040917 1.3494779848493637 0.7154041886866315 0.8802083333333334
40 0.18190330851574738 1.4571672436810332 0.7028772753963594 0.859375
41 0.17222589752574763 1.4782144266646355 0.7078684674104522 0.84375
42 0.16203008075058462 1.5017163623590022 0.7110001957330202 0.8541666666666666
43 0.15164879819999139 1.45383481608078 0.7236249755333725 0.875
44 0.1447705697317918 1.5234398084910936 0.7178508514386377 0.875
45 0.13769095402707657 1.4178358100049082 0.7192209825797612 0.8541666666666666
46 0.12841637177517018 1.5724238003633217 0.7126639264043845 0.875
47 0.12179360776642958 1.6279002481605858 0.7196124486200822 0.8802083333333334
48 0.11993616781632105 1.648184806399513 0.7166764533176747 0.875
49 0.11198351607347529 1.7001918827882037 0.7202975141906439 0.8489583333333334
50 0.11198002374668917 1.6172090588486754 0.724212174593854 0.84375
51 0.1041402095121642 1.6252136634662748 0.724603640634175 0.8854166666666666
52 0.10036460450788338 1.6609152371882374 0.723820708553533 0.8802083333333334
53 0.09397088332474232 1.79656047221506 0.7148169896261499 0.875
54 0.09508289381364982 1.7143857155228033 0.7188295165394402 0.890625
55 0.08803019509091974 1.7452611599139345 0.7295948326482677 0.8854166666666666
56 0.08538370680746933 1.653654487861786 0.7341945586220395 0.90625
57 0.08480084839090705 1.7200697991298513 0.7282247015071442 0.8802083333333334
58 0.0801238814505438 1.8448703815214684 0.721471912311607 0.8958333333333334
59 0.07925031432819864 1.813105000289943 0.7258759052652183 0.8958333333333334
60 0.07681292474952837 1.9501707118048217 0.7145233900959091 0.859375
61 0.07248690599389375 1.8324074327480049 0.7192209825797612 0.8697916666666666
62 0.07370471191095809 1.8398962143342943 0.7275396359365826 0.8697916666666666
63 0.07128610481632253 1.8582263435455388 0.7231356429829712 0.875
64 0.07044879291579127 1.9300279759336263 0.7239185750636132 0.8802083333333334
65 0.0667318096741413 1.9030929183514673 0.7359561558034841 0.890625
66 0.06437245547709365 1.8400638523911765 0.7343902916422 0.9010416666666666
67 0.06250969905933985 1.9189100702875295 0.7357604227833235 0.9010416666666666
68 0.0641559195406735 1.917729433846398 0.7274417694265023 0.9114583333333334
69 0.06338366902681689 1.9342812874350783 0.7295948326482677 0.9010416666666666
