0 2.2289762970081157 2.0169621109962463 0.2407176934246007 0.3072916666666667
1 1.8721621536602409 1.8049254040969045 0.31269446172993154 0.3541666666666667
2 1.7332930511000466 1.7459190244737424 0.3433934868284588 0.4114583333333333
3 1.6306612484872678 1.7071900391264965 0.3565650280024891 0.4270833333333333
4 1.534065718031199 1.5690172957746606 0.38705662725575607 0.4583333333333333
5 1.4449427880473056 1.577576916468771 0.3989836133582244 0.484375
6 1.3613342019797718 1.4668148940331058 0.42439327940261357 0.515625
7 1.2855256928899195 1.3722257174943622 0.452603194358017 0.5104166666666666
8 1.233278122662151 1.2803040237999277 0.47904998962870776 0.5677083333333334
9 1.178793111426682 1.3126210109575798 0.4878655880522713 0.6041666666666666
10 1.1225591714436052 1.2037869817332219 0.497407176934246 0.6145833333333334
11 1.0754768667416383 1.2105932049453259 0.49554034432690314 0.609375
12 1.036873550906693 1.14765252447442 0.5313213026343082 0.7083333333333334
13 0.9966037994892584 1.0992006588923304 0.559116365899191 0.6770833333333334
14 0.9603597388765907 1.1176345987539542 0.5387886330636797 0.6666666666666666
15 0.9227560569169158 1.1083641327721507 0.5556938394523958 0.703125
16 0.8859496171359962 1.1650781766266416 0.5520638871603402 0.6979166666666666
17 0.8613021481508589 1.1694378138176704 0.5359883841526655 0.6822916666666666
18 0.827475168442322 1.0726932952866743 0.5769549885915786 0.7291666666666666
19 0.792987952124601 1.120834518027933 0.5703173615432483 0.71875
20 0.7617980053195845 1.1485372004834444 0.5864965774735532 0.703125
21 0.7365784203096971 1.0687312356343395 0.5899191039203485 0.7447916666666666
22 0.7076760189092092 1.0245105997708284 0.6151213441194773 0.7552083333333334
23 0.6828042315897969 1.1477613529484523 0.5882596971582659 0.75
24 0.6586520239121496 1.061410499148463 0.6104542626011201 0.765625
25 0.6285630116439135 1.0989734412317997 0.6223812487035885 0.7604166666666666
26 0.605447680263196 1.1064454483260449 0.6098319850653391 0.7239583333333334
27 0.5828658535992358 1.117915858612641 0.6206181290188757 0.7708333333333334
28 0.5553371850716866 1.148860967080844 0.6248703588467123 0.7916666666666666
29 0.53052587377823 1.2151838823368675 0.6148102053515868 0.7916666666666666
30 0.5057602853088056 1.1378591049364524 0.6349305123418378 0.7864583333333334
31 0.4829719451356069 1.0998453779366653 0.6468574984443062 0.7864583333333334
32 0.4611807398413871 1.2892685948724025 0.6388716034017838 0.8177083333333334
33 0.4310324897747592 1.208190285159569 0.6535988384152666 0.84375
34 0.412880586491803 1.3119970535259007 0.644783239991703 0.8177083333333334
35 0.38810163702668443 1.2452782142086347 0.6606513171541174 0.828125
36 0.37282760235044243 1.2934656605173491 0.6567102260941713 0.8229166666666666
37 0.3542309622306608 1.2960392904811 0.6588881974694046 0.8385416666666666
38 0.33553338006643924 1.254499944558024 0.676000829703381 0.8489583333333334
39 0.31901024107289855 1.3099903313345032 0.6725783032565857 0.8333333333333334
40 0.3049243580086925 1.3790536876767874 0.6674963700477079 0.859375
41 0.2893729051417213 1.4553944306742204 0.661688446380419 0.8489583333333334
42 0.27919927599318956 1.3972948589607288 0.670192906036092 0.8645833333333334
43 0.26466919399671635 1.4788421521355446 0.6587844845467745 0.8489583333333334
44 0.24750281849318306 1.511797370389104 0.6732005807923668 0.84375
45 0.23906367489973368 1.6042706628183 0.6702966189587223 0.8333333333333334
46 0.22736805251215475 1.505039729545579 0.6884463804190002 0.8541666666666666
47 0.21393763569662463 1.7109651685643352 0.6735117195602572 0.8697916666666666
48 0.20783987776034296 1.5652793968390477 0.6850238539722049 0.8802083333333334
49 0.19636113927989018 1.5694934616943723 0.6805641982991081 0.8541666666666666
50 0.18937227721878533 1.6118711957916323 0.6762082555486414 0.8802083333333334
51 0.18025392108980967 1.6107374668170356 0.6836755859780128 0.8645833333333334
52 0.1762767062906576 1.7675227364035029 0.6810827629122589 0.8489583333333334
53 0.1623564389202807 1.709067493860953 0.6813939016801493 0.8645833333333334
54 0.15962246703878466 1.6587743341040455 0.6938394523957685 0.859375
55 0.15567767134957058 1.7333275999775843 0.6945654428541796 0.890625
56 0.14795160461427634 1.7115055992709178 0.6822236050611906 0.8645833333333334
57 0.14343423045392933 1.7668239307148677 0.6888612321095209 0.859375
58 0.13625493270508146 1.725870248428117 0.694150591163659 0.8854166666666666
59 0.13243118820890867 1.8294850551572286 0.6882389545737398 0.8802083333333334
60 0.12756969848658237 1.8082793146175773 0.6919726197884256 0.8697916666666666
61 0.12182279475464744 1.7657823145242506 0.6953951462352209 0.8697916666666666
62 0.11887270042483332 1.7978575113658353 0.7006845052893591 0.8802083333333334
63 0.11538496944464027 1.81615983059639 0.7086704003318813 0.890625
64 0.10954993220551287 2.163488444038912 0.6710226094171333 0.859375
65 0.10766136467898801 1.8164476522881734 0.7114706492428957 0.8854166666666666
66 0.10802363920009743 2.0080655288521054 0.6952914333125908 0.8645833333333334
67 0.09967672227918681 1.9319694765451316 0.7008919311346193 0.8802083333333334
68 0.09997598093402925 2.015627355118723 0.6971582659199336 0.859375
69 0.09357779808039908 1.9858207864882915 0.7047293092719353 0.875
