0 2.328203710627421 2.1529053559428766 0.1717485998755445 0.19270833333333334
1 1.9583450931276978 1.7969438417961723 0.3122796100394109 0.3333333333333333
2 1.7282130177748405 1.6419109607997693 0.33540759178593654 0.3697916666666667
3 1.5759143820926969 1.5381760252149481 0.37326280854594485 0.4114583333333333
4 1.4530134568106656 1.4404650179571228 0.4079029247044182 0.4947916666666667
5 1.3460793010259078 1.3513954044564773 0.43476457166562954 0.515625
6 1.253291735036225 1.371610015630722 0.443476457166563 0.5208333333333334
7 1.1760854469349156 1.298678680911268 0.4812279610039411 0.625
8 1.109205526652309 1.2071874974981736 0.5002074258452603 0.5885416666666666
9 1.0515740667864428 1.1611617783966817 0.5225057042107446 0.6354166666666666
10 0.9983660646077603 1.1673844303004444 0.542833437046256 0.671875
11 0.9491260762268541 1.0739955819751088 0.5598423563576022 0.6927083333333334
12 0.9043320405617946 1.07339920005516 0.5685542418585355 0.6822916666666666
13 0.859906648175191 1.0553190802518082 0.5818294959551961 0.6979166666666666
14 0.8177820809480161 1.1142528475703377 0.5737398879900436 0.6927083333333334
15 0.7767999205885634 1.0761722519405579 0.5981124248081311 0.71875
16 0.7407626659519928 0.9966240689942711 0.609105994606928 0.703125
17 0.6989498697431747 1.0994490711998783 0.594793611283966 0.71875
18 0.6629123444863632 1.1055416803512919 0.5954158888197469 0.7291666666666666
19 0.626244059053518 1.07068039645061 0.6275668948350964 0.7239583333333334
20 0.5877031412838543 1.0778573975702257 0.6342045218834267 0.78125
21 0.5543756687455932 1.0176026385769976 0.6501763119684713 0.78125
22 0.5199640105336399 1.1113276089492596 0.6498651732005808 0.7864583333333334
23 0.48538411236078727 1.0645463745795976 0.6713337481850239 0.7760416666666666
24 0.45321457172180973 1.140986443586084 0.6659406762082556 0.796875
25 0.41916688561102766 1.1240949201999588 0.6799419207633272 0.8125
26 0.3918018720328471 1.1060663896036873 0.6830533084422319 0.8229166666666666
27 0.36044174405393625 1.1774457576684654 0.6852312798174652 0.828125
28 0.33421615854242426 1.2972982134945739 0.680460485376478 0.8177083333333334
29 0.3080313070598295 1.1820692398438328 0.7035884671230035 0.828125
30 0.28222339257261175 1.26682153850561 0.6898983613358225 0.8177083333333334
31 0.26086377132536664 1.2641955870938928 0.7099149554034433 0.8385416666666666
32 0.24418780810625876 1.3610425013681187 0.7104335200165941 0.8229166666666666
33 0.21929970090040715 1.293343899618393 0.7177971375233354 0.8854166666666666
34 0.20265837912421442 1.3168760082870377 0.7143746110765401 0.8958333333333334
35 0.1895098050077588 1.3084245263353775 0.7292055590126529 0.8645833333333334
36 0.17971067067951302 1.2709509234585934 0.73376892760838 0.8854166666666666
37 0.16722687743709416 1.3879214438650371 0.7247459033395561 0.875
38 0.15292772152434803 1.409468824892955 0.7379174445135864 0.90625
39 0.1470434225485318 1.4771998656644045 0.7271313005600498 0.859375
40 0.13474252499576847 1.4433141018441682 0.7300352623936942 0.875
41 0.13206831847533246 1.4764124930064242 0.7302426882389546 0.8802083333333334
42 0.12430765338263101 1.524634657697262 0.7355320472930927 0.8802083333333334
43 0.1127073771272928 1.5460817108151357 0.7390582866625182 0.8958333333333334
44 0.10971322730130985 1.6402048224745638 0.7176934246007053 0.859375
45 0.10274031615979169 1.5658989162475336 0.7404065546567102 0.8854166666666666
46 0.09840526735662657 1.583553536255893 0.7251607550300767 0.890625
47 0.09774163109250367 1.6171666124236683 0.7221530802738021 0.875
48 0.08979691423628332 1.6753500598746254 0.725990458411118 0.9010416666666666
49 0.08829023139709133 1.5691823817146782 0.7426882389545737 0.90625
50 0.08364838918955145 1.5677420364303736 0.7406139805019706 0.9010416666666666
51 0.08010930999374218 1.659200675510587 0.7507778469197262 0.90625
52 0.0778086998054 1.7273736256450463 0.735117195602572 0.8854166666666666
53 0.07569689331655154 1.7375649098539725 0.737606305745696 0.890625
54 0.07304496298370472 1.7834024486180984 0.7443476457166563 0.8958333333333334
55 0.07387671261331287 1.6841598206960235 0.741547396805642 0.9114583333333334
56 0.07118119387348093 1.7594519675537748 0.7277535780958307 0.875
57 0.06728317876449012 1.7829919318471803 0.7466293300145198 0.8958333333333334
58 0.06414497503418855 1.8246111819029178 0.7466293300145198 0.9010416666666666
59 0.06288707963786862 1.9476919776766168 0.7279610039410911 0.8697916666666666
60 0.06495244428055034 1.674427346077646 0.7626011200995644 0.9114583333333334
61 0.06070752984168019 1.8119215967038287 0.7525409666044389 0.9166666666666666
62 0.05837012441976175 1.8059509994560166 0.751918689068658 0.921875
63 0.05730360341971966 1.8976625093996309 0.7427919518772039 0.8802083333333334
64 0.05494794692537658 1.9830797089763157 0.7403028417340801 0.8697916666666666
65 0.05682950485533887 1.9874343158048042 0.7397842771209293 0.90625
66 0.05400082346158481 1.9572335359093933 0.7449699232524373 0.8958333333333334
67 0.052506052674515184 2.0866298815066937 0.743517942335615 0.9010416666666666
68 0.05432762491574648 2.0270923285225813 0.7456959137108484 0.890625
69 0.05302572627219708 1.8489798247373026 0.7505704210744659 0.8854166666666666
