0 2.4014769795924256 2.1796369285959947 0.13638249325866003 0.14583333333333334
1 2.0821628737247595 2.0007542638402236 0.20950010371292263 0.20833333333333334
2 1.9428982564621726 1.8921993202284764 0.21530802738021157 0.24479166666666666
3 1.8368792508618306 1.804848269412392 0.281165733250363 0.3177083333333333
4 1.7514814896098638 1.74862466203539 0.29164073843600913 0.3385416666666667
5 1.6648858450563615 1.6781098717137386 0.2943372744243933 0.3177083333333333
6 1.5795895472421484 1.5786639687262083 0.32949595519601743 0.3854166666666667
7 1.5205755245550878 1.5339846058111442 0.35158680771624146 0.4114583333333333
8 1.4508356487346907 1.6055800612819822 0.33851897946484133 0.4010416666666667
9 1.406141049275964 1.5062863481672186 0.3671437461107654 0.4427083333333333
10 1.3595687081921572 1.4751434479104846 0.4001244555071562 0.46875
11 1.311679016735594 1.3959275148808956 0.4235635760215723 0.5104166666666666
12 1.2600370894717632 1.350636455377466 0.4290603609209708 0.5104166666666666
13 1.2082395505602077 1.2790441165040982 0.4716863721219664 0.5625
14 1.161180282464135 1.2888833130464743 0.46307819954366314 0.5416666666666666
15 1.1203782031428342 1.2191589082542218 0.4771831570213649 0.5677083333333334
16 1.0862373676845583 1.1997785565296286 0.4883841526654221 0.578125
17 1.0457458616481663 1.2248895091102703 0.5057042107446588 0.6041666666666666
18 1.0189963404068165 1.1926715802401304 0.5130678282514001 0.65625
19 0.9891327785401695 1.1798511559241696 0.5487450736361751 0.6770833333333334
20 0.9612621047065757 1.1497457213699818 0.5515453225471894 0.6666666666666666
21 0.9374891782211046 1.1383639066235016 0.5740510267579341 0.6979166666666666
22 0.91366751188949 1.1334062059115815 0.5669985480190832 0.703125
23 0.8873873895170998 1.1074419525500976 0.568139390168015 0.71875
24 0.8660097187016643 1.1600399893757545 0.5740510267579341 0.671875
25 0.8423595662507634 1.1921049088889144 0.5653391412570006 0.6875
26 0.8238916803719634 1.0871012864732428 0.5786143953536611 0.6927083333333334
27 0.7964604049079163 1.1330555741993809 0.601949802945447 0.734375
28 0.781608016645841 1.1004632840570259 0.6083800041485169 0.7291666666666666
29 0.7591299998053049 1.2271198041026334 0.592200788218212 0.734375
30 0.7429515529150343 1.1370474555786994 0.5978012860402406 0.7239583333333334
31 0.7218592003577173 1.1241245134488533 0.6090022816842978 0.71875
32 0.7066050065776049 1.118368658825363 0.596764156813939 0.7291666666666666
33 0.6925715752745752 1.0946506650775278 0.6119062435179423 0.7239583333333334
34 0.6709314792253877 1.108375367019203 0.6169881767268202 0.734375
35 0.653717378733185 1.0890585418643528 0.6202032773283551 0.7447916666666666
36 0.6425166489966845 1.0878486825447333 0.6148102053515868 0.734375
37 0.6258423761543581 1.1183644320423667 0.6279817465256171 0.7760416666666666
38 0.6139967645713165 1.1484960323493731 0.6245592200788218 0.7291666666666666
39 0.5998736681827044 1.1459048031829298 0.6352416511097283 0.75
40 0.5865958158747625 1.1873487217449827 0.6234183779298901 0.7447916666666666
41 0.5721193275461762 1.251105654200441 0.6331673926571251 0.7447916666666666
42 0.5588501802103668 1.1785289406972497 0.6325451151213441 0.75
43 0.5462485444074296 1.1076538747568663 0.6684297863513794 0.765625
44 0.5330922009244476 1.2862734149553274 0.6358639286455092 0.7395833333333334
45 0.5226212523582965 1.14419023998964 0.6561916614810205 0.7916666666666666
46 0.5037075741648 1.2552076733033908 0.642190416925949 0.7604166666666666
47 0.4961092882489754 1.233192118596267 0.6601327525409666 0.765625
48 0.48426179347907083 1.1816259931380813 0.671437461107654 0.7916666666666666
49 0.4745512254494058 1.216448688879609 0.6628292885293507 0.7916666666666666
50 0.4598968922250015 1.2731119810946678 0.6602364654635967 0.7708333333333334
51 0.44611312150113325 1.2945194815922725 0.6720597386434349 0.828125
52 0.43177171771304085 1.3391701244388394 0.6664592408214064 0.796875
53 0.4258172610974581 1.2802781706314388 0.6720597386434349 0.8125
54 0.4101917615086682 1.388570537986724 0.6709188964945032 0.796875
55 0.4020386837885878 1.2337639356418022 0.6884463804190002 0.8177083333333334
56 0.3879236570312142 1.3668294576805478 0.6850238539722049 0.8125
57 0.3802001676232801 1.2845412391286932 0.6969508400746733 0.8697916666666666
58 0.3711243965321005 1.397721378990498 0.6778676623107239 0.828125
59 0.3576313404545272 1.3270811378024518 0.6868906865795478 0.8229166666666666
60 0.349379692268742 1.3796960106609684 0.6896909354905622 0.828125
61 0.3356404447412423 1.540792449622562 0.6770379589296827 0.8072916666666666
62 0.32681918895598183 1.5847782955357903 0.6762082555486414 0.8177083333333334
63 0.32119672490799495 1.433452005988281 0.7007882182119892 0.8333333333333334
64 0.31467182086096646 1.5162227866607474 0.6952914333125908 0.8489583333333334
65 0.3076648981978664 1.2898040047451726 0.7060775772661274 0.828125
66 0.29823257910919054 1.4141623529630076 0.7000622277535781 0.828125
67 0.2944467031097008 1.4533615336189734 0.7002696535988384 0.8489583333333334
68 0.2843166143754445 1.4587802593841364 0.7089815390997718 0.8385416666666666
69 0.2719753574222158 1.4777419104142802 0.7007882182119892 0.8385416666666666
