0 2.346233353721297 2.1957579255104065 0.19370107409430184 0.234375
1 2.025654862003942 1.9991999365562616 0.23793919533952304 0.2760416666666667
2 1.8192921939026334 1.8170637841834578 0.2941926087748043 0.3697916666666667
3 1.6933565843785667 1.6647153520999953 0.3182231931549244 0.3854166666666667
4 1.6050629481192558 1.571110840453658 0.3717458583651921 0.453125
5 1.5170046811364128 1.528192471626193 0.3781176042235573 0.46875
6 1.4356372832660345 1.4434634921855705 0.4097942836337156 0.4895833333333333
7 1.3670308693466944 1.420824057834093 0.4123429819770617 0.484375
8 1.3038478249651622 1.3570699376422306 0.4592208265064628 0.5625
9 1.2492192124314698 1.3188082950059759 0.4665938467139996 0.578125
10 1.1977167310696974 1.2647228930578676 0.4865283087565993 0.6302083333333334
11 1.1447920859895333 1.249806105224199 0.5084653194975424 0.6770833333333334
12 1.1016448289525715 1.2132767054230669 0.5224831603859458 0.6770833333333334
13 1.057183429339979 1.1718483393968537 0.5375933005643546 0.6979166666666666
14 1.0110244224444216 1.1800474978463595 0.5415983979610414 0.7083333333333334
15 0.9751510525459687 1.1709917250934034 0.5472419442927362 0.6927083333333334
16 0.9391671101153637 1.1133024405774683 0.5614418350628072 0.7239583333333334
17 0.9021013235631711 1.1662145088924918 0.557618787547788 0.734375
18 0.8661965255258101 1.1229707034694594 0.58265064627708 0.71875
19 0.8322279791973957 1.115944501445737 0.5793737484070636 0.71875
20 0.7944985716129946 1.1213132459237132 0.5840160203895868 0.7135416666666666
21 0.7624428217523447 1.1202142103466877 0.5818314218095758 0.75
22 0.7273193062387092 1.1293940039914707 0.611869652284726 0.765625
23 0.7021174538446123 1.1549826655970064 0.59466593846714 0.765625
24 0.6689816739955552 1.1184652800303558 0.6164208993264154 0.78125
25 0.6432474549517738 1.084427249466264 0.6323502639723284 0.78125
26 0.6147723727057649 1.1544324911177852 0.6246131440014564 0.765625
27 0.5884555791211188 1.1269801341343757 0.6421809575823776 0.8072916666666666
28 0.5601837455338935 1.1997974490703538 0.6358092117240124 0.78125
29 0.5363525239468804 1.1606217997451855 0.6369015110140178 0.8177083333333334
30 0.5097140242015162 1.1634376375221236 0.6468232295649008 0.8177083333333334
31 0.4846336922929541 1.2413837825662868 0.6421809575823776 0.8229166666666666
32 0.46344112917300195 1.170586403112772 0.6472783542690698 0.8072916666666666
33 0.4332591361058853 1.2427873184341331 0.6488257782632442 0.8229166666666666
34 0.4147392123124144 1.2173714774639108 0.6542872747132714 0.8333333333333334
35 0.3885175491089265 1.2393825835613317 0.65665392317495 0.8385416666666666
36 0.3660506448585993 1.2279632500762683 0.6744948115783724 0.8385416666666666
37 0.34544348860940627 1.411294295257607 0.6548334243582742 0.828125
38 0.3287623408562492 1.321583556920983 0.6680320407791734 0.8385416666666666
39 0.3107727829634995 1.355933345940917 0.6779537593300564 0.84375
40 0.2961038261578042 1.2961208496329397 0.6912434006917896 0.8541666666666666
41 0.27508240435318676 1.4193299537914437 0.6789550336792282 0.8541666666666666
42 0.2634296229030595 1.4321399690626666 0.6879665028217732 0.8645833333333334
43 0.25351633518823324 1.4149112523381793 0.675587110868378 0.8697916666666666
44 0.23795721333279798 1.3700520288372455 0.6995266703076644 0.875
45 0.22444581419978263 1.4110558614308057 0.7021663935918442 0.8958333333333334
46 0.21085215755564995 1.436676487456574 0.7070817403968688 0.8958333333333334
47 0.19836449049061936 1.4780779590960158 0.6993446204259968 0.890625
48 0.1938989390538215 1.5579244277851527 0.6870562534134352 0.8802083333333334
49 0.18006826998208356 1.5433118648090682 0.6984343710176588 0.8802083333333334
50 0.17183845424585545 1.5491564675819043 0.700527944656836 0.890625
51 0.17012225051246416 1.579787036447331 0.6964318223193154 0.890625
52 0.1604638200521321 1.5401664611471946 0.7012561441835062 0.8802083333333334
53 0.15297543392897983 1.5474357800774796 0.7059894411068632 0.890625
54 0.1424597810547124 1.5731185197310393 0.7044420171126888 0.9010416666666666
55 0.14312207645207423 1.752520336401324 0.6861460040050974 0.9010416666666666
56 0.13266934127207133 1.6878652489245978 0.7063535408701984 0.890625
57 0.12831024295435503 1.628314431399367 0.7119060622610596 0.8854166666666666
58 0.12585713867809872 1.6296583985974795 0.7213726561077736 0.9010416666666666
59 0.11990255298481205 1.656972214418496 0.7149098853085746 0.9010416666666666
60 0.11822599240996998 1.7101510560443236 0.7092663389768796 0.8802083333333334
61 0.11202035217589836 1.6674204357022548 0.720735481521937 0.9114583333333334
62 0.10963829629419015 1.7665207833918029 0.7044420171126888 0.90625
63 0.10859161965368737 1.7440282035359116 0.6993446204259968 0.8854166666666666
64 0.09920982449146787 1.7917258270019882 0.714727835426907 0.9010416666666666
65 0.09967730123036664 1.6378858743971862 0.7203713817586018 0.9322916666666666
66 0.09535219152423348 1.7820428771205072 0.7101765883852176 0.90625
67 0.09681301391810622 1.7254675141600675 0.7169124340069178 0.90625
68 0.09015721546268789 1.7782281962938087 0.711268887675223 0.8958333333333334
69 0.08677282144151462 1.7497176966619092 0.7154560349535772 0.9114583333333334
